{
    "bag_name": "",
    "fixed_frame": "world",
    "moving_frame": "imu_link",
    "pose_file_date": "2024_7_6_19_51_36",
    "poses": [
        {
            "time_stamp_nsec": 491863966,
            "time_stamp_sec": 1633613937,
            "transform": [
                0.3878941073805337,
                -0.9211984459069656,
                -0.03052237480678209,
                -0.8521518495205006,
                -0.921540412787763,
                -0.3869888991856329,
                -0.03166725353976454,
                1.895346893717356,
                0.01736000348394686,
                0.04041114680769179,
                -0.9990322846100945,
                0.006965509948339773,
                0.0,
                0.0,
                0.0,
                1.0
            ]
        },
        {
            "time_stamp_nsec": 592716217,
            "time_stamp_sec": 1633613937,
            "transform": [
                0.38950216206463234,
                -0.9205246585530373,
                -0.03037184982569296,
                -0.8517627803065445,
                -0.9208826298027336,
                -0.3886491049592805,
                -0.03044685392142411,
                1.9183669059224489,
                0.01622308654734522,
                0.03982802820619694,
                -0.9990748099258208,
                0.0007639451555570128,
                0.0,
                0.0,
                0.0,
                1.0
            ]
        },
        {
            "time_stamp_nsec": 693582535,
            "time_stamp_sec": 1633613937,
            "transform": [
                0.3907395430820668,
                -0.919998828514234,
                -0.03041044926233565,
                -0.8740216378110381,
                -0.920345994352968,
                -0.38985365915686343,
                -0.03126229019997884,
                1.948047880153856,
                0.01690564441268371,
                0.04020355202057316,
                -0.999048452173856,
                0.000748610495794365,
                0.0,
                0.0,
                0.0,
                1.0
            ]
        },
        {
            "time_stamp_nsec": 794484138,
            "time_stamp_sec": 1633613937,
            "transform": [
                0.38993886219409074,
                -0.9203198290199462,
                -0.030969768206966137,
                -0.8916865432129653,
                -0.9206969496946404,
                -0.3890631655976648,
                -0.030772318777990845,
                1.9856303391059889,
                0.01627117808601552,
                0.04051309798633975,
                -0.999046482331075,
                0.0019130901050176076,
                0.0,
                0.0,
                0.0,
                1.0
            ]
        },
        {
            "time_stamp_nsec": 895297289,
            "time_stamp_sec": 1633613937,
            "transform": [
                0.39136159229318424,
                -0.9197665973035795,
                -0.02942007716371619,
                -0.8982965388345318,
                -0.9201079419609427,
                -0.39057141322763445,
                -0.029245547252835263,
                2.0364442750390386,
                0.015408435374359816,
                0.03851523431830008,
                -0.9991391760057381,
                -0.0016052012962737873,
                0.0,
                0.0,
                0.0,
                1.0
            ]
        },
        {
            "time_stamp_nsec": 996160030,
            "time_stamp_sec": 1633613937,
            "transform": [
                0.39126476213386796,
                -0.9197413621410824,
                -0.03142837966966942,
                -0.9149966562244536,
                -0.9201342443469367,
                -0.3903715469171618,
                -0.031031974589225242,
                2.0769887007491827,
                0.016272644375256266,
                0.04106005047486167,
                -0.9990241285916447,
                0.004529093885306191,
                0.0,
                0.0,
                0.0,
                1.0
            ]
        },
        {
            "time_stamp_nsec": 97020626,
            "time_stamp_sec": 1633613938,
            "transform": [
                0.3920780248618979,
                -0.9193709586116354,
                -0.03212309418949998,
                -0.9257762258465164,
                -0.9197799926530547,
                -0.39113958808171523,
                -0.031851899810618756,
                2.110202452052443,
                0.01671909680825693,
                0.04203461332542601,
                -0.9989762255939872,
                0.0017190730291473128,
                0.0,
                0.0,
                0.0,
                1.0
            ]
        },
        {
            "time_stamp_nsec": 197889328,
            "time_stamp_sec": 1633613938,
            "transform": [
                0.39209745051761796,
                -0.9193827875929532,
                -0.03154218567434028,
                -0.9349504244932684,
                -0.9197703148619044,
                -0.3911755772253909,
                -0.03168898002691646,
                2.1445706072595727,
                0.016795769079190823,
                0.04143673829854788,
                -0.9989999174532505,
                0.0006504094035064021,
                0.0,
                0.0,
                0.0,
                1.0
            ]
        },
        {
            "time_stamp_nsec": 298748016,
            "time_stamp_sec": 1633613938,
            "transform": [
                0.39173546754395505,
                -0.9194982721005753,
                -0.032653964438216526,
                -0.9418051054541703,
                -0.9199682605272055,
                -0.39089429362899175,
                -0.029325868802921717,
                2.1828116085300335,
                0.014200836356049547,
                0.041528597772829516,
                -0.9990363597133409,
                0.004197084616127085,
                0.0,
                0.0,
                0.0,
                1.0
            ]
        },
        {
            "time_stamp_nsec": 399837494,
            "time_stamp_sec": 1633613938,
            "transform": [
                0.38931131153731,
                -0.920507016898811,
                -0.03321994972119773,
                -0.9589968486552735,
                -0.9209722880548873,
                -0.38838652479348523,
                -0.03107905315491202,
                2.22277488951919,
                0.015706304676457502,
                0.04269408412791219,
                -0.9989646957722667,
                0.0037318841595983996,
                0.0,
                0.0,
                0.0,
                1.0
            ]
        },
        {
            "time_stamp_nsec": 500517130,
            "time_stamp_sec": 1633613938,
            "transform": [
                0.38496426847515086,
                -0.9223366924725669,
                -0.03312957246600453,
                -0.9800083931153766,
                -0.922824149368401,
                -0.38412412605077145,
                -0.02905512591074961,
                2.250728837281964,
                0.01407273969145243,
                0.04175795882374995,
                -0.9990286117476278,
                -0.0024035131221586663,
                0.0,
                0.0,
                0.0,
                1.0
            ]
        },
        {
            "time_stamp_nsec": 601336718,
            "time_stamp_sec": 1633613938,
            "transform": [
                0.38000989834477106,
                -0.9244174377415307,
                -0.032325055446881454,
                -0.9948764254177356,
                -0.9248262916743465,
                -0.3790717137187263,
                -0.03163733406916343,
                2.2814198295436134,
                0.01699258810240047,
                0.04191756527234132,
                -0.9989765291973652,
                0.003566114228724016,
                0.0,
                0.0,
                0.0,
                1.0
            ]
        },
        {
            "time_stamp_nsec": 702191830,
            "time_stamp_sec": 1633613938,
            "transform": [
                0.3749999939269441,
                -0.9264354913376873,
                -0.03305021294130672,
                -0.9960476043389836,
                -0.9268781120406675,
                -0.374068151450948,
                -0.031143826445039418,
                2.337769999141402,
                0.016489713074017625,
                0.04231245774707626,
                -0.9989683085577629,
                -0.0030204890424647534,
                0.0,
                0.0,
                0.0,
                1.0
            ]
        },
        {
            "time_stamp_nsec": 803053379,
            "time_stamp_sec": 1633613938,
            "transform": [
                0.3672391881673203,
                -0.9295157314270387,
                -0.0337033517245258,
                -1.021344484942357,
                -0.9300304878245691,
                -0.3664395028942771,
                -0.027664712045434588,
                2.3717609801178376,
                0.013364544644154423,
                0.04150471501988737,
                -0.9990488895914144,
                0.010724153340526666,
                0.0,
                0.0,
                0.0,
                1.0
            ]
        },
        {
            "time_stamp_nsec": 903926849,
            "time_stamp_sec": 1633613938,
            "transform": [
                0.3627262015121643,
                -0.9313066059924279,
                -0.03313217358316343,
                -1.045629009545268,
                -0.9317413586376062,
                -0.3617897446077174,
                -0.031083352692369025,
                2.4046943919344477,
                0.01696125004969914,
                0.042145366912353335,
                -0.998967477079669,
                0.0057554008474623095,
                0.0,
                0.0,
                0.0,
                1.0
            ]
        },
        {
            "time_stamp_nsec": 4776001,
            "time_stamp_sec": 1633613939,
            "transform": [
                0.3564435425796764,
                -0.933659240263344,
                -0.035049351249560726,
                -1.0559040426655117,
                -0.9342140841441359,
                -0.3555971750642826,
                -0.028189486203402062,
                2.430454337005861,
                0.013855923012474817,
                0.04279156199306903,
                -0.9989879037548128,
                0.0063857335199945,
                0.0,
                0.0,
                0.0,
                1.0
            ]
        },
        {
            "time_stamp_nsec": 105637550,
            "time_stamp_sec": 1633613939,
            "transform": [
                0.3505542779496894,
                -0.9359843710411355,
                -0.032326286907081454,
                -1.0761925120220692,
                -0.9363961024058847,
                -0.3496806450779712,
                -0.029761359046197557,
                2.46939994322366,
                0.016552289049671078,
                0.04070318470603251,
                -0.9990341378983937,
                0.005385647955209559,
                0.0,
                0.0,
                0.0,
                1.0
            ]
        },
        {
            "time_stamp_nsec": 206501961,
            "time_stamp_sec": 1633613939,
            "transform": [
                0.34524920530925557,
                -0.9379342919760694,
                -0.03289808485512137,
                -1.0945449858371024,
                -0.9383654998670693,
                -0.3443662913383495,
                -0.02969845634186647,
                2.516256507157085,
                0.016526208128206984,
                0.04112380023599124,
                -0.9990173440474583,
                0.009218641595395517,
                0.0,
                0.0,
                0.0,
                1.0
            ]
        },
        {
            "time_stamp_nsec": 307362318,
            "time_stamp_sec": 1633613939,
            "transform": [
                0.3398843398315525,
                -0.9398924825838963,
                -0.03287538459688536,
                -1.094329730034868,
                -0.9403330761238001,
                -0.33903781131168853,
                -0.028757961292104388,
                2.534996581283812,
                0.01588339218697249,
                0.04068819612479623,
                -0.9990456069438426,
                0.007772970022543721,
                0.0,
                0.0,
                0.0,
                1.0
            ]
        },
        {
            "time_stamp_nsec": 408221722,
            "time_stamp_sec": 1633613939,
            "transform": [
                0.33588265176876453,
                -0.9413673626516789,
                -0.031786274588131026,
                -1.1144764460309993,
                -0.9417369322210203,
                -0.33499666100717107,
                -0.030145301759483104,
                2.5826096542659984,
                0.017729506317665126,
                0.04005959646450168,
                -0.9990399539225144,
                0.005155759990161209,
                0.0,
                0.0,
                0.0,
                1.0
            ]
        },
        {
            "time_stamp_nsec": 509088516,
            "time_stamp_sec": 1633613939,
            "transform": [
                0.33203682338876495,
                -0.9426966442926621,
                -0.03278138928131577,
                -1.1442725536659015,
                -0.9431136729214115,
                -0.3311571920561867,
                -0.029520593679568066,
                2.598249702473881,
                0.016973170744649078,
                0.04071850450895213,
                -0.9990264516365193,
                0.009855231065410568,
                0.0,
                0.0,
                0.0,
                1.0
            ]
        },
        {
            "time_stamp_nsec": 609944820,
            "time_stamp_sec": 1633613939,
            "transform": [
                0.3266679879190952,
                -0.9445852618175617,
                -0.0323534220586481,
                -1.1422388721190955,
                -0.944968747385579,
                -0.32576775343694736,
                -0.03015606538124338,
                2.643504583806485,
                0.017945272245470555,
                0.04042399780232445,
                -0.9990214230964616,
                0.008662691732787761,
                0.0,
                0.0,
                0.0,
                1.0
            ]
        },
        {
            "time_stamp_nsec": 710805893,
            "time_stamp_sec": 1633613939,
            "transform": [
                0.3224862724143169,
                -0.9459386584845507,
                -0.03467987654401785,
                -1.1528216069622639,
                -0.9464336235990553,
                -0.32159075975321244,
                -0.029029813669401473,
                2.6827648294519983,
                0.016307694135734147,
                0.042183921657785284,
                -0.998976732504353,
                0.0006117517431426054,
                0.0,
                0.0,
                0.0,
                1.0
            ]
        },
        {
            "time_stamp_nsec": 811672449,
            "time_stamp_sec": 1633613939,
            "transform": [
                0.31786997167332076,
                -0.9475415445825947,
                -0.03352220244849335,
                -1.1579586656667278,
                -0.9479797224464307,
                -0.31698108696194893,
                -0.029281167322841577,
                2.718934868853917,
                0.01711921731080429,
                0.04108597594169641,
                -0.9990089144682726,
                0.011475268787440734,
                0.0,
                0.0,
                0.0,
                1.0
            ]
        },
        {
            "time_stamp_nsec": 912531853,
            "time_stamp_sec": 1633613939,
            "transform": [
                0.3120019543632004,
                -0.9494563639773648,
                -0.03445909751459008,
                -1.1683526162992965,
                -0.949943138005883,
                -0.3111324893308518,
                -0.028364743726874454,
                2.7520246313155443,
                0.016209740640238376,
                0.04158404268826073,
                -0.9990034774292083,
                0.0076455554746495645,
                0.0,
                0.0,
                0.0,
                1.0
            ]
        },
        {
            "time_stamp_nsec": 13392925,
            "time_stamp_sec": 1633613940,
            "transform": [
                0.3067533419521056,
                -0.9511486983378508,
                -0.034908125150524154,
                -1.1714301212599367,
                -0.951633236530927,
                -0.30583326252371884,
                -0.02932828637943617,
                2.800378707419582,
                0.01721949457538402,
                0.04221628601547384,
                -0.9989600644772458,
                0.00787941738641142,
                0.0,
                0.0,
                0.0,
                1.0
            ]
        },
        {
            "time_stamp_nsec": 114300728,
            "time_stamp_sec": 1633613940,
            "transform": [
                0.3034523119544329,
                -0.9521979075399821,
                -0.035155025213957004,
                -1.1839465437808174,
                -0.9526952529890943,
                -0.3025400039535807,
                -0.02900431787191122,
                2.8542404193684274,
                0.016982048289273004,
                0.04229345699841415,
                -0.9989608649746263,
                0.001040175472901925,
                0.0,
                0.0,
                0.0,
                1.0
            ]
        },
        {
            "time_stamp_nsec": 215118885,
            "time_stamp_sec": 1633613940,
            "transform": [
                0.29690833938148287,
                -0.9542864032981551,
                -0.034393828546287024,
                -1.1881893311769605,
                -0.9547345443526056,
                -0.29598002126695805,
                -0.029626440045967574,
                2.8639085106878883,
                0.018092221756792207,
                0.041633317327729756,
                -0.9989691059347098,
                0.00707083151066815,
                0.0,
                0.0,
                0.0,
                1.0
            ]
        },
        {
            "time_stamp_nsec": 315979958,
            "time_stamp_sec": 1633613940,
            "transform": [
                0.2919654977074709,
                -0.9558002736449686,
                -0.034670193198223787,
                -1.19722524903225,
                -0.9562415769211403,
                -0.29099924383555226,
                -0.030355155725165596,
                2.91275098943893,
                0.018924465074172513,
                0.04201574238270159,
                -0.9989376748468151,
                0.00840980936492438,
                0.0,
                0.0,
                0.0,
                1.0
            ]
        },
        {
            "time_stamp_nsec": 416916847,
            "time_stamp_sec": 1633613940,
            "transform": [
                0.28511252328416553,
                -0.957863525658111,
                -0.03476137118354102,
                -1.2029714279599397,
                -0.9583246295620886,
                -0.28419282384253214,
                -0.029125447296082817,
                2.9614207170703786,
                0.018019270345001174,
                0.04161671191781525,
                -0.9989711163978193,
                0.010634379324182743,
                0.0,
                0.0,
                0.0,
                1.0
            ]
        },
        {
            "time_stamp_nsec": 517710209,
            "time_stamp_sec": 1633613940,
            "transform": [
                0.28015127897840003,
                -0.9592713460242648,
                -0.03624615150698276,
                -1.2032115536572041,
                -0.9597528808383826,
                -0.2791159520640824,
                -0.031123000630427628,
                2.9683630349347907,
                0.019738522531743373,
                0.0435065009025765,
                -0.9988581037047022,
                0.005854857396545513,
                0.0,
                0.0,
                0.0,
                1.0
            ]
        },
        {
            "time_stamp_nsec": 618579865,
            "time_stamp_sec": 1633613940,
            "transform": [
                0.27589148772071787,
                -0.9605458604577953,
                -0.035150748567244844,
                -1.2104798822033296,
                -0.9609754977921781,
                -0.2748754707294739,
                -0.031137054138992957,
                3.0294219816274186,
                0.020246488803457467,
                0.04236946033728996,
                -0.9988968138594547,
                0.006072709672483776,
                0.0,
                0.0,
                0.0,
                1.0
            ]
        },
        {
            "time_stamp_nsec": 719429970,
            "time_stamp_sec": 1633613940,
            "transform": [
                0.26912883445622415,
                -0.9624310887711732,
                -0.03600150494623577,
                -1.2039701314909372,
                -0.9629041405588464,
                -0.2681231146042291,
                -0.03042300193519042,
                3.0474153959531685,
                0.019627206153897646,
                0.042853709317761876,
                -0.9988885166016873,
                0.009325711903807442,
                0.0,
                0.0,
                0.0,
                1.0
            ]
        },
        {
            "time_stamp_nsec": 820299149,
            "time_stamp_sec": 1633613940,
            "transform": [
                0.26297898470791253,
                -0.9641382034859102,
                -0.03577173520305404,
                -1.213979913639501,
                -0.9646048643374643,
                -0.2619960235070881,
                -0.029924681683442436,
                3.0962496655077323,
                0.019479475379017664,
                0.04237515623646482,
                -0.9989118241319247,
                0.008574640810076996,
                0.0,
                0.0,
                0.0,
                1.0
            ]
        },
        {
            "time_stamp_nsec": 921151876,
            "time_stamp_sec": 1633613940,
            "transform": [
                0.26044588898575266,
                -0.9648094342031913,
                -0.03620405461550327,
                -1.2169746936535832,
                -0.965296593589549,
                -0.25946357624225697,
                -0.0296830942844302,
                3.133982478115045,
                0.019244894839358352,
                0.04267849454615648,
                -0.9989034569701727,
                0.009186228237162395,
                0.0,
                0.0,
                0.0,
                1.0
            ]
        },
        {
            "time_stamp_nsec": 22008181,
            "time_stamp_sec": 1633613941,
            "transform": [
                0.25773090428521933,
                -0.96560060161135,
                -0.034500699824971705,
                -1.2239510132677758,
                -0.9659767480063121,
                -0.25670685608037336,
                -0.0314715631871318,
                3.137529850903017,
                0.02153239303972489,
                0.04143807222541775,
                -0.99890899406603,
                0.014288571368831656,
                0.0,
                0.0,
                0.0,
                1.0
            ]
        },
        {
            "time_stamp_nsec": 122866154,
            "time_stamp_sec": 1633613941,
            "transform": [
                0.25793180637859775,
                -0.9655051576164759,
                -0.03565126923137911,
                -1.2464011932705428,
                -0.9659927037305628,
                -0.25701772701224795,
                -0.028283056615331568,
                3.1865774355496006,
                0.018144427798488676,
                0.04173396983359225,
                -0.99896395916697,
                0.006694497083485757,
                0.0,
                0.0,
                0.0,
                1.0
            ]
        },
        {
            "time_stamp_nsec": 223906755,
            "time_stamp_sec": 1633613941,
            "transform": [
                0.25855287132898475,
                -0.965326217821904,
                -0.03599645817848011,
                -1.25392754549851,
                -0.9657634884427558,
                -0.25749140605853077,
                -0.03160707475150332,
                3.2315665020806037,
                0.021242358177960097,
                0.04293616904532167,
                -0.9988519328850097,
                0.0013591313872787641,
                0.0,
                0.0,
                0.0,
                1.0
            ]
        },
        {
            "time_stamp_nsec": 324592829,
            "time_stamp_sec": 1633613941,
            "transform": [
                0.260623552346801,
                -0.9647576578797086,
                -0.036305158063639834,
                -1.2820839748010606,
                -0.9652757935182168,
                -0.2597002633167254,
                -0.028255314024456062,
                3.2616817343817486,
                0.017831070423709388,
                0.04240849462445036,
                -0.9989411938303554,
                0.0025242115114891446,
                0.0,
                0.0,
                0.0,
                1.0
            ]
        },
        {
            "time_stamp_nsec": 425511360,
            "time_stamp_sec": 1633613941,
            "transform": [
                0.25938364656432944,
                -0.9651222007054281,
                -0.03548662635660734,
                -1.287060403609918,
                -0.9655681976478947,
                -0.25839403429633495,
                -0.030174919290676814,
                3.3097572811820246,
                0.019952950872763466,
                0.042091642474555206,
                -0.9989144656072861,
                0.0011863832927949125,
                0.0,
                0.0,
                0.0,
                1.0
            ]
        },
        {
            "time_stamp_nsec": 526315212,
            "time_stamp_sec": 1633613941,
            "transform": [
                0.26090646561150427,
                -0.9647074150812672,
                -0.035601382816056334,
                -1.298085876692729,
                -0.9651883904785988,
                -0.25997804866962676,
                -0.02868330872928457,
                3.3358712291828727,
                0.018415421526230786,
                0.041845706085358175,
                -0.9989543259557905,
                0.006918879224872016,
                0.0,
                0.0,
                0.0,
                1.0
            ]
        },
        {
            "time_stamp_nsec": 627179623,
            "time_stamp_sec": 1633613941,
            "transform": [
                0.2612309791117474,
                -0.964600029928184,
                -0.03612750700102249,
                -1.300249460397109,
                -0.9650985829928108,
                -0.2602817657184079,
                -0.028949519170432706,
                3.383133732836217,
                0.01852137468252029,
                0.04242912110430062,
                -0.9989277574387218,
                0.008246719653270802,
                0.0,
                0.0,
                0.0,
                1.0
            ]
        },
        {
            "time_stamp_nsec": 728039026,
            "time_stamp_sec": 1633613941,
            "transform": [
                0.26117851841641626,
                -0.9646376112388898,
                -0.03549787961127213,
                -1.3195398579145972,
                -0.9650953249866169,
                -0.2602096565826087,
                -0.029696724184993396,
                3.429905681959739,
                0.019409684936280574,
                0.04201498810089821,
                -0.9989283963926775,
                0.009283979500965382,
                0.0,
                0.0,
                0.0,
                1.0
            ]
        },
        {
            "time_stamp_nsec": 828897715,
            "time_stamp_sec": 1633613941,
            "transform": [
                0.2636374392002768,
                -0.9639645688524415,
                -0.03560406541705827,
                -1.3173555769612744,
                -0.9644583131112363,
                -0.2627336079233511,
                -0.028127580533173685,
                3.462134533990893,
                0.017759605431788984,
                0.041754124171572725,
                -0.9989700324549231,
                0.00765095797737406,
                0.0,
                0.0,
                0.0,
                1.0
            ]
        },
        {
            "time_stamp_nsec": 929762363,
            "time_stamp_sec": 1633613941,
            "transform": [
                0.26232857962193035,
                -0.9643074966574549,
                -0.03598342805558739,
                -1.3074188121673602,
                -0.9647820908427277,
                -0.26134030188815394,
                -0.02994513273678335,
                3.4763225898456436,
                0.01947239495335496,
                0.042571635156180475,
                -0.9989036079295173,
                0.0104584350420199,
                0.0,
                0.0,
                0.0,
                1.0
            ]
        },
        {
            "time_stamp_nsec": 30623198,
            "time_stamp_sec": 1633613942,
            "transform": [
                0.26347480561728076,
                -0.9639850379923768,
                -0.03624792628064273,
                -1.3164515226242763,
                -0.9645108583582346,
                -0.26257192796813716,
                -0.027834043757097547,
                3.522096793280296,
                0.017313912802749805,
                0.042295091802254055,
                -0.9989550990171395,
                0.0057873444558307445,
                0.0,
                0.0,
                0.0,
                1.0
            ]
        },
        {
            "time_stamp_nsec": 131486893,
            "time_stamp_sec": 1633613942,
            "transform": [
                0.2606468668312398,
                -0.9647509297466131,
                -0.03631657115161781,
                -1.3270219909529004,
                -0.9652641889776613,
                -0.2597106686534225,
                -0.028554529505204686,
                3.5565893414875123,
                0.018116206857384718,
                0.04249773830767649,
                -0.9989322707312984,
                0.010508730970091928,
                0.0,
                0.0,
                0.0,
                1.0
            ]
        },
        {
            "time_stamp_nsec": 232357025,
            "time_stamp_sec": 1633613942,
            "transform": [
                0.26429936102036694,
                -0.963744490333694,
                -0.036639376307241685,
                -1.3341956979975083,
                -0.9643000652140512,
                -0.26342141217241627,
                -0.027101496661353048,
                3.5994312942051234,
                0.01646732081871097,
                0.042494265273895895,
                -0.9989609606918547,
                0.011594476658101188,
                0.0,
                0.0,
                0.0,
                1.0
            ]
        },
        {
            "time_stamp_nsec": 333207846,
            "time_stamp_sec": 1633613942,
            "transform": [
                0.2633265966867819,
                -0.9639841246271617,
                -0.03733295822338922,
                -1.3478690324292444,
                -0.9645478009114259,
                -0.2623836255691782,
                -0.028325254107472858,
                3.642740539159779,
                0.017509537310644342,
                0.043468219662271004,
                -0.9989013295685915,
                0.004977820412929376,
                0.0,
                0.0,
                0.0,
                1.0
            ]
        },
        {
            "time_stamp_nsec": 434077501,
            "time_stamp_sec": 1633613942,
            "transform": [
                0.2628026845444557,
                -0.9641231934104469,
                -0.037433351126434505,
                -1.3485933278775326,
                -0.9646828110964115,
                -0.26183816196812254,
                -0.028771480915360192,
                3.690753883226404,
                0.017937771151862205,
                0.043672536974933236,
                -0.9988848192425615,
                0.0015390323593072984,
                0.0,
                0.0,
                0.0,
                1.0
            ]
        },
        {
            "time_stamp_nsec": 534930706,
            "time_stamp_sec": 1633613942,
            "transform": [
                0.26456329922633803,
                -0.9636582523707172,
                -0.0370009743571739,
                -1.354707272974954,
                -0.9642103131820112,
                -0.26363074356462823,
                -0.02823562106457618,
                3.7274813912773945,
                0.01745489382572201,
                0.043146834252424056,
                -0.9989162195117165,
                0.008155913316766895,
                0.0,
                0.0,
                0.0,
                1.0
            ]
        },
        {
            "time_stamp_nsec": 635808468,
            "time_stamp_sec": 1633613942,
            "transform": [
                0.26316744644083084,
                -0.9640427114578076,
                -0.03694028230221634,
                -1.3668735137322965,
                -0.964574240478221,
                -0.26219537072453236,
                -0.029155949604044357,
                3.756414131652455,
                0.018422008636935217,
                0.04330454567747927,
                -0.998892027273209,
                0.01025857129054732,
                0.0,
                0.0,
                0.0,
                1.0
            ]
        },
        {
            "time_stamp_nsec": 736656904,
            "time_stamp_sec": 1633613942,
            "transform": [
                0.26397758351529915,
                -0.9638007978140046,
                -0.037468604514712546,
                -1.3634822834473228,
                -0.9644186897469182,
                -0.26316131182624414,
                -0.025350780929590096,
                3.801262349521823,
                0.014572814786604882,
                0.042827464454578475,
                -0.9989761646735332,
                0.0034415460149961365,
                0.0,
                0.0,
                0.0,
                1.0
            ]
        },
        {
            "time_stamp_nsec": 837517500,
            "time_stamp_sec": 1633613942,
            "transform": [
                0.26337182867528086,
                -0.9639914831625652,
                -0.03682036227779251,
                -1.3742001300800062,
                -0.964530474640929,
                -0.26243169769944513,
                -0.028469540992281245,
                3.8369087458362214,
                0.01778156381555555,
                0.04301244068004509,
                -0.9989162538277586,
                0.007992184520304351,
                0.0,
                0.0,
                0.0,
                1.0
            ]
        },
        {
            "time_stamp_nsec": 938377380,
            "time_stamp_sec": 1633613942,
            "transform": [
                0.2622155486708437,
                -0.964275115862816,
                -0.037637027570050066,
                -1.3857811012175005,
                -0.9648703729647327,
                -0.2613165591986903,
                -0.02718025821699159,
                3.8826914779853894,
                0.016374067078462964,
                0.04344194329147441,
                -0.9989217305288794,
                0.002429776251784612,
                0.0,
                0.0,
                0.0,
                1.0
            ]
        },
        {
            "time_stamp_nsec": 39238453,
            "time_stamp_sec": 1633613943,
            "transform": [
                0.26201453324731955,
                -0.9643305697884134,
                -0.03761615917175305,
                -1.397415641070849,
                -0.9648783829022605,
                -0.2610008773571954,
                -0.029802607021811693,
                3.927577083156103,
                0.018921713391029417,
                0.0441037391947413,
                -0.998847718717789,
                0.0028488355910911665,
                0.0,
                0.0,
                0.0,
                1.0
            ]
        },
        {
            "time_stamp_nsec": 140110493,
            "time_stamp_sec": 1633613943,
            "transform": [
                0.26173727524995727,
                -0.9644483894518,
                -0.03650947473836353,
                -1.4094536604487224,
                -0.9650150859692999,
                -0.2609098662860194,
                -0.025920506888470942,
                3.9699212923576432,
                0.015473307950684842,
                0.042016560771552254,
                -0.9989970578439336,
                0.016233538179791066,
                0.0,
                0.0,
                0.0,
                1.0
            ]
        },
        {
            "time_stamp_nsec": 240967274,
            "time_stamp_sec": 1633613943,
            "transform": [
                0.26047717332046516,
                -0.9647751914310623,
                -0.0368851075343329,
                -1.419343665515846,
                -0.9653254606946752,
                -0.2595619031503017,
                -0.0278266140541754,
                4.002276841539903,
                0.01727245715402898,
                0.042854335285712475,
                -0.998931981866795,
                0.011719543452754614,
                0.0,
                0.0,
                0.0,
                1.0
            ]
        },
        {
            "time_stamp_nsec": 341827869,
            "time_stamp_sec": 1633613943,
            "transform": [
                0.2609397871777783,
                -0.9646871195073773,
                -0.035905819705563315,
                -1.4327684353709986,
                -0.9651660548549142,
                -0.25997223751194815,
                -0.02947659043173219,
                4.037901678282779,
                0.01910116975371602,
                0.04234669763063054,
                -0.9989203365292216,
                0.026017418021414,
                0.0,
                0.0,
                0.0,
                1.0
            ]
        },
